points=[
59.2613 -9.38607 -208.5;
57.0634 -18.541 -208.5;
53.4604 -27.2394 -208.5;
48.541 -35.2671 -208.5;
42.4264 -42.4264 -208.5;
35.2671 -48.541 -208.5;
27.2394 -53.4604 -208.5;
18.541 -57.0634 -208.5;
9.38607 -59.2613 -208.5;
-2.08122e-14 -60.0 -208.5;
-9.38607 -59.2613 -208.5;
-18.541 -57.0634 -208.5;
-27.2394 -53.4604 -208.5;
-35.2671 -48.541 -208.5;
-42.4264 -42.4264 -208.5;
-48.541 -35.2671 -208.5;
-53.4604 -27.2394 -208.5;
-57.0634 -18.541 -208.5;
-59.2613 -9.38607 -208.5;
-60.0 -2.99559e-14 -208.5;
-59.2613 9.38607 -208.5;
-57.0634 18.541 -208.5;
-53.4604 27.2394 -208.5;
-48.541 35.2671 -208.5;
-42.4264 42.4264 -208.5;
-35.2671 48.541 -208.5;
-27.2394 53.4604 -208.5;
-18.541 57.0634 -208.5;
-9.38607 59.2613 -208.5;
-2.33961e-14 60.0 -208.5;
9.38607 59.2613 -208.5;
18.541 57.0634 -208.5;
27.2394 53.4604 -208.5;
35.2671 48.541 -208.5;
42.4264 42.4264 -208.5;
48.541 35.2671 -208.5;
53.4604 27.2394 -208.5;
57.0634 18.541 -208.5;
59.2613 9.38607 -208.5;
60.0 4.92536e-14 -208.5;
-57.8225 22.9153 -290.5;
-59.5902 22.1831 -290.5;
-61.358 22.9153 -290.5;
-62.0902 24.6831 -290.5;
-61.358 26.4508 -290.5;
-59.5902 27.1831 -290.5;
-57.8225 26.4508 -290.5;
-57.0902 24.6831 -290.5;
-57.8225 -26.4508 -290.5;
-59.5902 -27.1831 -290.5;
-61.358 -26.4508 -290.5;
-62.0902 -24.6831 -290.5;
-61.358 -22.9153 -290.5;
-59.5902 -22.1831 -290.5;
-57.8225 -22.9153 -290.5;
-57.0902 -24.6831 -290.5;
-22.9153 -61.358 -290.5;
-24.6831 -62.0902 -290.5;
-26.4508 -61.358 -290.5;
-27.1831 -59.5902 -290.5;
-26.4508 -57.8225 -290.5;
-24.6831 -57.0902 -290.5;
-22.9153 -57.8225 -290.5;
-22.1831 -59.5902 -290.5;
26.4508 -61.358 -290.5;
24.6831 -62.0902 -290.5;
22.9153 -61.358 -290.5;
22.1831 -59.5902 -290.5;
22.9153 -57.8225 -290.5;
24.6831 -57.0902 -290.5;
26.4508 -57.8225 -290.5;
27.1831 -59.5902 -290.5;
61.358 -26.4508 -290.5;
59.5902 -27.1831 -290.5;
57.8225 -26.4508 -290.5;
57.0902 -24.6831 -290.5;
57.8225 -22.9153 -290.5;
59.5902 -22.1831 -290.5;
61.358 -22.9153 -290.5;
62.0902 -24.6831 -290.5;
61.358 22.9153 -290.5;
59.5902 22.1831 -290.5;
57.8225 22.9153 -290.5;
57.0902 24.6831 -290.5;
57.8225 26.4508 -290.5;
59.5902 27.1831 -290.5;
61.358 26.4508 -290.5;
62.0902 24.6831 -290.5;
26.4508 57.8225 -290.5;
24.6831 57.0902 -290.5;
22.9153 57.8225 -290.5;
22.1831 59.5902 -290.5;
22.9153 61.358 -290.5;
24.6831 62.0902 -290.5;
26.4508 61.358 -290.5;
27.1831 59.5902 -290.5;
-22.9153 57.8225 -290.5;
-24.6831 57.0902 -290.5;
-26.4508 57.8225 -290.5;
-27.1831 59.5902 -290.5;
-26.4508 61.358 -290.5;
-24.6831 62.0902 -290.5;
-22.9153 61.358 -290.5;
-22.1831 59.5902 -290.5;
-47.5729 -1.76336 -290.5;
-49.0729 -2.85317 -290.5;
-50.9271 -2.85317 -290.5;
-52.4271 -1.76336 -290.5;
-53.0 1.03352e-15 -290.5;
-52.4271 1.76336 -290.5;
-50.9271 2.85317 -290.5;
-49.0729 2.85317 -290.5;
-47.5729 1.76336 -290.5;
-47.0 -9.86076e-32 -290.5;
-22.7019 -45.2296 -290.5;
-24.4791 -46.2557 -290.5;
-26.5 -45.8993 -290.5;
-27.5981 -44.8013 -290.5;
-28.0 -43.3013 -290.5;
-27.2981 -41.3729 -290.5;
-25.5209 -40.3468 -290.5;
-23.5 -40.7032 -290.5;
-22.4019 -41.8013 -290.5;
-22.0 -43.3013 -290.5;
27.5981 -44.8013 -290.5;
26.5 -45.8993 -290.5;
24.4791 -46.2557 -290.5;
22.7019 -45.2296 -290.5;
22.0 -43.3013 -290.5;
22.4019 -41.8013 -290.5;
23.5 -40.7032 -290.5;
25.5209 -40.3468 -290.5;
27.2981 -41.3729 -290.5;
28.0 -43.3013 -290.5;
52.4271 -1.76336 -290.5;
50.9271 -2.85317 -290.5;
49.0729 -2.85317 -290.5;
47.5729 -1.76336 -290.5;
47.0 -1.82632e-14 -290.5;
47.5729 1.76336 -290.5;
49.0729 2.85317 -290.5;
50.9271 2.85317 -290.5;
52.4271 1.76336 -290.5;
53.0 -2.16282e-14 -290.5;
27.2981 41.3729 -290.5;
25.5209 40.3468 -290.5;
23.5 40.7032 -290.5;
22.4019 41.8013 -290.5;
22.0 43.3013 -290.5;
22.7019 45.2296 -290.5;
24.4791 46.2557 -290.5;
26.5 45.8993 -290.5;
27.5981 44.8013 -290.5;
28.0 43.3013 -290.5;
-22.4019 41.8013 -290.5;
-23.5 40.7032 -290.5;
-25.5209 40.3468 -290.5;
-27.2981 41.3729 -290.5;
-28.0 43.3013 -290.5;
-27.5981 44.8013 -290.5;
-26.5 45.8993 -290.5;
-24.4791 46.2557 -290.5;
-22.7019 45.2296 -290.5;
-22.0 43.3013 -290.5;
-59.2613 9.38607 -220.5;
-57.0634 18.541 -220.5;
-53.4604 27.2394 -220.5;
-48.541 35.2671 -220.5;
-42.4264 42.4264 -220.5;
-35.2671 48.541 -220.5;
-27.2394 53.4604 -220.5;
-18.541 57.0634 -220.5;
-9.38607 59.2613 -220.5;
1.69965e-14 60.0 -220.5;
9.38607 59.2613 -220.5;
18.541 57.0634 -220.5;
27.2394 53.4604 -220.5;
35.2671 48.541 -220.5;
42.4264 42.4264 -220.5;
48.541 35.2671 -220.5;
53.4604 27.2394 -220.5;
57.0634 18.541 -220.5;
59.2613 9.38607 -220.5;
60.0 0.0 -220.5;
-60.0 7.34764e-15 -220.5;
59.2613 -9.38607 -220.5;
57.0634 -18.541 -220.5;
53.4604 -27.2394 -220.5;
48.541 -35.2671 -220.5;
42.4264 -42.4264 -220.5;
35.2671 -48.541 -220.5;
27.2394 -53.4604 -220.5;
18.541 -57.0634 -220.5;
9.38607 -59.2613 -220.5;
-6.43122e-14 -60.0 -220.5;
-9.38607 -59.2613 -220.5;
-18.541 -57.0634 -220.5;
-27.2394 -53.4604 -220.5;
-35.2671 -48.541 -220.5;
-42.4264 -42.4264 -220.5;
-48.541 -35.2671 -220.5;
-53.4604 -27.2394 -220.5;
-57.0634 -18.541 -220.5;
-59.2613 -9.38607 -220.5;
-57.8225 22.9153 -310.5;
-59.5902 22.1831 -310.5;
-61.358 22.9153 -310.5;
-62.0902 24.6831 -310.5;
-57.0902 24.6831 -310.5;
-61.358 26.4508 -310.5;
-59.5902 27.1831 -310.5;
-57.8225 26.4508 -310.5;
-62.0902 -24.6831 -310.5;
-61.358 -22.9153 -310.5;
-59.5902 -22.1831 -310.5;
-57.8225 -22.9153 -310.5;
-61.358 -26.4508 -310.5;
-57.0902 -24.6831 -310.5;
-57.8225 -26.4508 -310.5;
-59.5902 -27.1831 -310.5;
-26.4508 -61.358 -310.5;
-27.1831 -59.5902 -310.5;
-26.4508 -57.8225 -310.5;
-24.6831 -57.0902 -310.5;
-24.6831 -62.0902 -310.5;
-22.9153 -57.8225 -310.5;
-22.1831 -59.5902 -310.5;
-22.9153 -61.358 -310.5;
24.6831 -62.0902 -310.5;
22.9153 -61.358 -310.5;
22.1831 -59.5902 -310.5;
22.9153 -57.8225 -310.5;
26.4508 -61.358 -310.5;
24.6831 -57.0902 -310.5;
26.4508 -57.8225 -310.5;
27.1831 -59.5902 -310.5;
61.358 -26.4508 -310.5;
59.5902 -27.1831 -310.5;
57.8225 -26.4508 -310.5;
57.0902 -24.6831 -310.5;
62.0902 -24.6831 -310.5;
57.8225 -22.9153 -310.5;
59.5902 -22.1831 -310.5;
61.358 -22.9153 -310.5;
57.0902 24.6831 -310.5;
57.8225 26.4508 -310.5;
59.5902 27.1831 -310.5;
61.358 26.4508 -310.5;
57.8225 22.9153 -310.5;
62.0902 24.6831 -310.5;
61.358 22.9153 -310.5;
59.5902 22.1831 -310.5;
22.9153 57.8225 -310.5;
22.1831 59.5902 -310.5;
22.9153 61.358 -310.5;
24.6831 62.0902 -310.5;
24.6831 57.0902 -310.5;
26.4508 61.358 -310.5;
27.1831 59.5902 -310.5;
26.4508 57.8225 -310.5;
-24.6831 57.0902 -310.5;
-26.4508 57.8225 -310.5;
-27.1831 59.5902 -310.5;
-26.4508 61.358 -310.5;
-22.9153 57.8225 -310.5;
-24.6831 62.0902 -310.5;
-22.9153 61.358 -310.5;
-22.1831 59.5902 -310.5;
-47.5729 -1.76336 -310.5;
-49.0729 -2.85317 -310.5;
-50.9271 -2.85317 -310.5;
-52.4271 -1.76336 -310.5;
-53.0 1.03352e-15 -310.5;
-47.0 0.0 -310.5;
-52.4271 1.76336 -310.5;
-50.9271 2.85317 -310.5;
-49.0729 2.85317 -310.5;
-47.5729 1.76336 -310.5;
-27.5981 -44.8013 -310.5;
-28.0 -43.3013 -310.5;
-27.2981 -41.3729 -310.5;
-25.5209 -40.3468 -310.5;
-23.5 -40.7032 -310.5;
-26.5 -45.8993 -310.5;
-22.4019 -41.8013 -310.5;
-22.0 -43.3013 -310.5;
-22.7019 -45.2296 -310.5;
-24.4791 -46.2557 -310.5;
24.4791 -46.2557 -310.5;
22.7019 -45.2296 -310.5;
22.0 -43.3013 -310.5;
22.4019 -41.8013 -310.5;
23.5 -40.7032 -310.5;
26.5 -45.8993 -310.5;
25.5209 -40.3468 -310.5;
27.2981 -41.3729 -310.5;
28.0 -43.3013 -310.5;
27.5981 -44.8013 -310.5;
52.4271 -1.76336 -310.5;
50.9271 -2.85317 -310.5;
49.0729 -2.85317 -310.5;
47.5729 -1.76336 -310.5;
47.0 1.03352e-15 -310.5;
53.0 0.0 -310.5;
47.5729 1.76336 -310.5;
49.0729 2.85317 -310.5;
50.9271 2.85317 -310.5;
52.4271 1.76336 -310.5;
22.4019 41.8013 -310.5;
22.0 43.3013 -310.5;
22.7019 45.2296 -310.5;
24.4791 46.2557 -310.5;
