points=[
29.2478 7.17563 47.0;
27.0291 13.5165 47.0;
23.4549 19.2047 47.0;
18.7047 23.9549 47.0;
13.0165 27.5291 47.0;
6.67563 29.7478 47.0;
4.90799e-14 30.5 47.0;
-6.67563 29.7478 47.0;
-13.0165 27.5291 47.0;
-18.7047 23.9549 47.0;
-23.4549 19.2047 47.0;
-27.0291 13.5165 47.0;
-29.2478 7.17563 47.0;
-30.0 0.5 47.0;
-29.2478 -6.17563 47.0;
-27.0291 -12.5165 47.0;
-23.4549 -18.2047 47.0;
-18.7047 -22.9549 47.0;
-13.0165 -26.5291 47.0;
-6.67563 -28.7478 47.0;
-2.06082e-13 -29.5 47.0;
6.67563 -28.7478 47.0;
13.0165 -26.5291 47.0;
18.7047 -22.9549 47.0;
23.4549 -18.2047 47.0;
27.0291 -12.5165 47.0;
29.2478 -6.17563 47.0;
30.0 0.5 47.0;
14.9791 5.36702 72.0;
12.742 9.75762 72.0;
9.25762 13.242 72.0;
4.86702 15.4791 72.0;
3.42926e-15 16.25 72.0;
-4.86702 15.4791 72.0;
-9.25762 13.242 72.0;
-12.742 9.75762 72.0;
-14.9791 5.36702 72.0;
-15.75 0.5 72.0;
-14.9791 -4.36702 72.0;
-12.742 -8.75762 72.0;
-9.25762 -12.242 72.0;
-4.86702 -14.4791 72.0;
-1.29603e-13 -15.25 72.0;
4.86702 -14.4791 72.0;
9.25762 -12.242 72.0;
12.742 -8.75762 72.0;
14.9791 -4.36702 72.0;
15.75 0.5 72.0;
2.42705 27.2634 70.0;
0.927051 28.3532 70.0;
-0.927051 28.3532 70.0;
-2.42705 27.2634 70.0;
-3.0 25.5 70.0;
-2.42705 23.7366 70.0;
-0.927051 22.6468 70.0;
0.927051 22.6468 70.0;
2.42705 23.7366 70.0;
3.0 25.5 70.0;
-14.906 19.3257 70.0;
-15.5563 20.299 70.0;
-17.0924 21.12 70.0;
-18.8257 20.9493 70.0;
-20.1721 19.8444 70.0;
-20.6777 18.1777 70.0;
-20.4493 17.0296 70.0;
-19.799 16.0563 70.0;
-18.2629 15.2353 70.0;
-16.5296 15.406 70.0;
-15.1833 16.511 70.0;
-14.6777 18.1777 70.0;
-22.4019 2.0 70.0;
-23.5 3.09808 70.0;
-25.0 3.5 70.0;
-26.5 3.09808 70.0;
-27.5981 2.0 70.0;
-28.0 0.5 70.0;
-27.5981 -1.0 70.0;
-26.5 -2.09808 70.0;
-25.0 -2.5 70.0;
-23.5 -2.09808 70.0;
-22.4019 -1.0 70.0;
-22.0 0.5 70.0;
-15.1833 -15.511 70.0;
-16.5296 -14.406 70.0;
-18.2629 -14.2353 70.0;
-19.799 -15.0563 70.0;
-20.4493 -16.0296 70.0;
-20.6777 -17.1777 70.0;
-20.1721 -18.8444 70.0;
-18.8257 -19.9493 70.0;
-17.0924 -20.12 70.0;
-15.5563 -19.299 70.0;
-14.906 -18.3257 70.0;
-14.6777 -17.1777 70.0;
2.42705 -22.7366 70.0;
0.927051 -21.6468 70.0;
-0.927051 -21.6468 70.0;
-2.42705 -22.7366 70.0;
-3.0 -24.5 70.0;
-2.42705 -26.2634 70.0;
-0.927051 -27.3532 70.0;
0.927051 -27.3532 70.0;
2.42705 -26.2634 70.0;
3.0 -24.5 70.0;
20.4493 -16.0296 70.0;
19.799 -15.0563 70.0;
18.2629 -14.2353 70.0;
16.5296 -14.406 70.0;
15.1833 -15.511 70.0;
14.6777 -17.1777 70.0;
14.906 -18.3257 70.0;
15.5563 -19.299 70.0;
17.0924 -20.12 70.0;
18.8257 -19.9493 70.0;
20.1721 -18.8444 70.0;
20.6777 -17.1777 70.0;
27.5981 2.0 70.0;
26.5 3.09808 70.0;
25.0 3.5 70.0;
23.5 3.09808 70.0;
22.4019 2.0 70.0;
22.0 0.5 70.0;
22.4019 -1.0 70.0;
23.5 -2.09808 70.0;
25.0 -2.5 70.0;
26.5 -2.09808 70.0;
27.5981 -1.0 70.0;
28.0 0.5 70.0;
20.1721 19.8444 70.0;
18.8257 20.9493 70.0;
17.0924 21.12 70.0;
15.5563 20.299 70.0;
14.906 19.3257 70.0;
14.6777 18.1777 70.0;
15.1833 16.511 70.0;
16.5296 15.406 70.0;
18.2629 15.2353 70.0;
19.799 16.0563 70.0;
20.4493 17.0296 70.0;
20.6777 18.1777 70.0;
-29.2478 -6.17563 57.0;
-27.0291 -12.5165 57.0;
-23.4549 -18.2047 57.0;
-18.7047 -22.9549 57.0;
-13.0165 -26.5291 57.0;
-6.67563 -28.7478 57.0;
-2.02613e-13 -29.5 57.0;
6.67563 -28.7478 57.0;
13.0165 -26.5291 57.0;
18.7047 -22.9549 57.0;
23.4549 -18.2047 57.0;
27.0291 -12.5165 57.0;
29.2478 -6.17563 57.0;
30.0 0.5 57.0;
-30.0 0.5 57.0;
29.2478 7.17563 57.0;
27.0291 13.5165 57.0;
23.4549 19.2047 57.0;
18.7047 23.9549 57.0;
13.0165 27.5291 57.0;
6.67563 29.7478 57.0;
5.25494e-14 30.5 57.0;
-6.67563 29.7478 57.0;
-13.0165 27.5291 57.0;
-18.7047 23.9549 57.0;
-23.4549 19.2047 57.0;
-27.0291 13.5165 57.0;
-29.2478 7.17563 57.0;
14.9791 5.36702 78.0;
12.742 9.75762 78.0;
9.25762 13.242 78.0;
4.86702 15.4791 78.0;
-1.23452e-16 16.25 78.0;
-4.86702 15.4791 78.0;
-9.25762 13.242 78.0;
-12.742 9.75762 78.0;
-14.9791 5.36702 78.0;
-15.75 0.5 78.0;
15.75 0.5 78.0;
-14.9791 -4.36702 78.0;
-12.742 -8.75762 78.0;
-9.25762 -12.242 78.0;
-4.86702 -14.4791 78.0;
-1.29548e-13 -15.25 78.0;
4.86702 -14.4791 78.0;
9.25762 -12.242 78.0;
12.742 -8.75762 78.0;
14.9791 -4.36702 78.0;
2.42705 27.2634 78.0;
0.927051 28.3532 78.0;
-0.927051 28.3532 78.0;
-2.42705 27.2634 78.0;
-3.0 25.5 78.0;
3.0 25.5 78.0;
-2.42705 23.7366 78.0;
-0.927051 22.6468 78.0;
0.927051 22.6468 78.0;
2.42705 23.7366 78.0;
-17.0924 21.12 78.0;
-18.8257 20.9493 78.0;
-20.1721 19.8444 78.0;
-20.6777 18.1777 78.0;
-20.4493 17.0296 78.0;
-19.799 16.0563 78.0;
-15.5563 20.299 78.0;
-18.2629 15.2353 78.0;
-16.5296 15.406 78.0;
-15.1833 16.511 78.0;
-14.6777 18.1777 78.0;
-14.906 19.3257 78.0;
-26.5 3.09808 78.0;
-27.5981 2.0 78.0;
-28.0 0.5 78.0;
-27.5981 -1.0 78.0;
-26.5 -2.09808 78.0;
-25.0 -2.5 78.0;
-25.0 3.5 78.0;
-23.5 -2.09808 78.0;
-22.4019 -1.0 78.0;
-22.0 0.5 78.0;
-22.4019 2.0 78.0;
-23.5 3.09808 78.0;
-20.4493 -16.0296 78.0;
-20.6777 -17.1777 78.0;
-20.1721 -18.8444 78.0;
-18.8257 -19.9493 78.0;
-17.0924 -20.12 78.0;
-15.5563 -19.299 78.0;
-19.799 -15.0563 78.0;
-14.906 -18.3257 78.0;
-14.6777 -17.1777 78.0;
-15.1833 -15.511 78.0;
-16.5296 -14.406 78.0;
-18.2629 -14.2353 78.0;
2.42705 -22.7366 78.0;
0.927051 -21.6468 78.0;
-0.927051 -21.6468 78.0;
-2.42705 -22.7366 78.0;
-3.0 -24.5 78.0;
3.0 -24.5 78.0;
-2.42705 -26.2634 78.0;
-0.927051 -27.3532 78.0;
0.927051 -27.3532 78.0;
2.42705 -26.2634 78.0;
18.2629 -14.2353 78.0;
16.5296 -14.406 78.0;
15.1833 -15.511 78.0;
14.6777 -17.1777 78.0;
14.906 -18.3257 78.0;
15.5563 -19.299 78.0;
19.799 -15.0563 78.0;
17.0924 -20.12 78.0;
18.8257 -19.9493 78.0;
20.1721 -18.8444 78.0;
20.6777 -17.1777 78.0;
20.4493 -16.0296 78.0;
23.5 3.09808 78.0;
22.4019 2.0 78.0;
22.0 0.5 78.0;
22.4019 -1.0 78.0;
23.5 -2.09808 78.0;
25.0 -2.5 78.0;
25.0 3.5 78.0;
26.5 -2.09808 78.0;
27.5981 -1.0 78.0;
28.0 0.5 78.0;
27.5981 2.0 78.0;
26.5 3.09808 78.0;
14.906 19.3257 78.0;
14.6777 18.1777 78.0;
15.1833 16.511 78.0;
16.5296 15.406 78.0;
18.2629 15.2353 78.0;
19.799 16.0563 78.0;
15.5563 20.299 78.0;
20.4493 17.0296 78.0;
20.6777 18.1777 78.0;
20.1721 19.8444 78.0;
18.8257 20.9493 78.0;
17.0924 21.12 78.0;
39.2314 8.30361 57.0;
36.9552 15.8073 57.0;
33.2588 22.7228 57.0;
28.2843 28.7843 57.0;
22.2228 33.7588 57.0;
15.3073 37.4552 57.0;
7.80361 39.7314 57.0;
1.13049e-13 40.5 57.0;
-7.80361 39.7314 57.0;
-15.3073 37.4552 57.0;
-22.2228 33.7588 57.0;
-28.2843 28.7843 57.0;
-33.2588 22.7228 57.0;
-36.9552 15.8073 57.0;
-39.2314 8.30361 57.0;
-40.0 0.5 57.0;
-39.2314 -7.30361 57.0;
-36.9552 -14.8073 57.0;
-33.2588 -21.7228 57.0;
-28.2843 -27.7843 57.0;
-22.2228 -32.7588 57.0;
-15.3073 -36.4552 57.0;
-7.80361 -38.7314 57.0;
-2.35242e-13 -39.5 57.0;
7.80361 -38.7314 57.0;
15.3073 -36.4552 57.0;
22.2228 -32.7588 57.0;
28.2843 -27.7843 57.0;
33.2588 -21.7228 57.0;
36.9552 -14.8073 57.0;
39.2314 -7.30361 57.0;
40.0 0.5 57.0;
30.7102 -6.50941 78.0;
28.3805 -13.1673 78.0;
24.6277 -19.1399 78.0;
19.6399 -24.1277 78.0;
13.6673 -27.8805 78.0;
7.00941 -30.2102 78.0;
-1.99079e-13 -31.0 78.0;
-7.00941 -30.2102 78.0;
-13.6673 -27.8805 78.0;
-19.6399 -24.1277 78.0;
-24.6277 -19.1399 78.0;
-28.3805 -13.1673 78.0;
-30.7102 -6.50941 78.0;
-31.5 0.5 78.0;
-30.7102 7.50941 78.0;
-28.3805 14.1673 78.0;
-24.6277 20.1399 78.0;
-19.6399 25.1277 78.0;
-13.6673 28.8805 78.0;
-7.00941 31.2102 78.0;
6.79831e-14 32.0 78.0;
7.00941 31.2102 78.0;
13.6673 28.8805 78.0;
19.6399 25.1277 78.0;
24.6277 20.1399 78.0;
28.3805 14.1673 78.0;
30.7102 7.50941 78.0;
31.5 0.5 78.0;
-40.0 0.5 62.0;
-39.2314 -7.30361 62.0;
-36.9552 -14.8073 62.0;
-33.2588 -21.7228 62.0;
-28.2843 -27.7843 62.0;
-22.2228 -32.7588 62.0;
-15.3073 -36.4552 62.0;
-7.80361 -38.7314 62.0;
-2.2636e-13 -39.5 62.0;
