points=[
29.2478 -47.0 7.17563;
27.0291 -47.0 13.5165;
23.4549 -47.0 19.2047;
18.7047 -47.0 23.9549;
13.0165 -47.0 27.5291;
6.67563 -47.0 29.7478;
2.05977e-14 -47.0 30.5;
-6.67563 -47.0 29.7478;
-13.0165 -47.0 27.5291;
-18.7047 -47.0 23.9549;
-23.4549 -47.0 19.2047;
-27.0291 -47.0 13.5165;
-29.2478 -47.0 7.17563;
-30.0 -47.0 0.5;
-29.2478 -47.0 -6.17563;
-27.0291 -47.0 -12.5165;
-23.4549 -47.0 -18.2047;
-18.7047 -47.0 -22.9549;
-13.0165 -47.0 -26.5291;
-6.67563 -47.0 -28.7478;
-1.71625e-13 -47.0 -29.5;
6.67563 -47.0 -28.7478;
13.0165 -47.0 -26.5291;
18.7047 -47.0 -22.9549;
23.4549 -47.0 -18.2047;
27.0291 -47.0 -12.5165;
29.2478 -47.0 -6.17563;
30.0 -47.0 0.5;
49.2404 -8.68241 56.0;
46.9846 -17.101 56.0;
43.3013 -25.0 56.0;
38.3022 -32.1394 56.0;
32.1394 -38.3022 56.0;
25.0 -43.3013 56.0;
17.101 -46.9846 56.0;
8.68241 -49.2404 56.0;
1.4838e-13 -50.0 56.0;
-8.68241 -49.2404 56.0;
-17.101 -46.9846 56.0;
-25.0 -43.3013 56.0;
-32.1394 -38.3022 56.0;
-38.3022 -32.1394 56.0;
-43.3013 -25.0 56.0;
-46.9846 -17.101 56.0;
-49.2404 -8.68241 56.0;
-50.0 1.98427e-14 56.0;
-49.2404 8.68241 56.0;
-46.9846 17.101 56.0;
-43.3013 25.0 56.0;
-38.3022 32.1394 56.0;
-32.1394 38.3022 56.0;
-25.0 43.3013 56.0;
-17.101 46.9846 56.0;
-8.68241 49.2404 56.0;
1.88065e-13 50.0 56.0;
8.68241 49.2404 56.0;
17.101 46.9846 56.0;
25.0 43.3013 56.0;
32.1394 38.3022 56.0;
38.3022 32.1394 56.0;
43.3013 25.0 56.0;
46.9846 17.101 56.0;
49.2404 8.68241 56.0;
50.0 -2.59657e-14 56.0;
-9.08693 -1.3065 -78.3484;
-17.9917 -2.58681 -76.4068;
-26.5357 -3.81526 -73.214;
-34.5478 -4.96722 -68.8341;
-41.8672 -6.0196 -63.3548;
-8.8085 -2.58641 -78.3484;
-17.4404 -5.12097 -76.4068;
-25.7227 -7.55286 -73.214;
-33.4892 -9.83332 -68.8341;
-40.5844 -11.9167 -63.3548;
-8.35076 -3.81366 -78.3484;
-16.5341 -7.55087 -76.4068;
-24.386 -11.1367 -73.214;
-31.7489 -14.4992 -68.8341;
-38.4754 -17.5711 -63.3548;
-7.72302 -4.96328 -78.3484;
-15.2912 -9.82706 -76.4068;
-22.5528 -14.4938 -73.214;
-29.3623 -18.87 -68.8341;
-35.5831 -22.8679 -63.3548;
-6.93806 -6.01186 -78.3484;
-13.737 -11.9032 -76.4068;
-20.2606 -17.5559 -73.214;
-26.378 -22.8566 -68.8341;
-31.9665 -27.6991 -63.3548;
-6.01186 -6.93806 -78.3484;
-11.9032 -13.737 -76.4068;
-17.5559 -20.2606 -73.214;
-22.8566 -26.378 -68.8341;
-27.6991 -31.9665 -63.3548;
-4.96328 -7.72302 -78.3484;
-9.82706 -15.2912 -76.4068;
-14.4938 -22.5528 -73.214;
-18.87 -29.3623 -68.8341;
-22.8679 -35.5831 -63.3548;
-3.81366 -8.35076 -78.3484;
-7.55087 -16.5341 -76.4068;
-11.1367 -24.386 -73.214;
-14.4992 -31.7489 -68.8341;
-17.5711 -38.4754 -63.3548;
-2.58641 -8.8085 -78.3484;
-5.12097 -17.4404 -76.4068;
-7.55286 -25.7227 -73.214;
-9.83332 -33.4892 -68.8341;
-11.9167 -40.5844 -63.3548;
-1.3065 -9.08693 -78.3484;
-2.58681 -17.9917 -76.4068;
-3.81526 -26.5357 -73.214;
-4.96722 -34.5478 -68.8341;
-6.0196 -41.8672 -63.3548;
-48.1024 -8.48175 -56.8861;
-45.8988 -16.7058 -56.8861;
-42.3005 -24.4222 -56.8861;
-37.417 -31.3966 -56.8861;
-31.3966 -37.417 -56.8861;
-24.4222 -42.3005 -56.8861;
-16.7058 -45.8988 -56.8861;
-8.48175 -48.1024 -56.8861;
-3.03845e-13 -48.8445 -56.8861;
-3.32017e-13 -42.2977 -63.3548;
-3.56106e-13 -34.903 -68.8341;
-3.75629e-13 -26.8086 -73.214;
-3.90196e-13 -18.1767 -76.4068;
-3.99513e-13 -9.18037 -78.3484;
-3.99414e-13 2.43695e-31 -79.0;
-9.18037 -1.68635e-15 -78.3484;
-18.1767 -3.33889e-15 -76.4068;
-26.8086 -4.9245e-15 -73.214;
-34.903 -6.41137e-15 -68.8341;
-42.2977 -7.76971e-15 -63.3548;
-48.8445 7.77929e-14 -56.8861;
-1.3065 9.08693 -78.3484;
-2.58681 17.9917 -76.4068;
-3.81526 26.5357 -73.214;
-4.96722 34.5478 -68.8341;
-6.0196 41.8672 -63.3548;
-2.58641 8.8085 -78.3484;
-5.12097 17.4404 -76.4068;
-7.55286 25.7227 -73.214;
-9.83332 33.4892 -68.8341;
-11.9167 40.5844 -63.3548;
-3.81366 8.35076 -78.3484;
-7.55087 16.5341 -76.4068;
-11.1367 24.386 -73.214;
-14.4992 31.7489 -68.8341;
-17.5711 38.4754 -63.3548;
-4.96328 7.72302 -78.3484;
-9.82706 15.2912 -76.4068;
-14.4938 22.5528 -73.214;
-18.87 29.3623 -68.8341;
-22.8679 35.5831 -63.3548;
-6.01186 6.93806 -78.3484;
-11.9032 13.737 -76.4068;
-17.5559 20.2606 -73.214;
-22.8566 26.378 -68.8341;
-27.6991 31.9665 -63.3548;
-6.93806 6.01186 -78.3484;
-13.737 11.9032 -76.4068;
-20.2606 17.5559 -73.214;
-26.378 22.8566 -68.8341;
-31.9665 27.6991 -63.3548;
-7.72302 4.96328 -78.3484;
-15.2912 9.82706 -76.4068;
-22.5528 14.4938 -73.214;
-29.3623 18.87 -68.8341;
-35.5831 22.8679 -63.3548;
-8.35076 3.81366 -78.3484;
-16.5341 7.55087 -76.4068;
-24.386 11.1367 -73.214;
-31.7489 14.4992 -68.8341;
-38.4754 17.5711 -63.3548;
-8.8085 2.58641 -78.3484;
-17.4404 5.12097 -76.4068;
-25.7227 7.55286 -73.214;
-33.4892 9.83332 -68.8341;
-40.5844 11.9167 -63.3548;
-9.08693 1.3065 -78.3484;
-17.9917 2.58681 -76.4068;
-26.5357 3.81526 -73.214;
-34.5478 4.96722 -68.8341;
-41.8672 6.0196 -63.3548;
-8.48175 48.1024 -56.8861;
-16.7058 45.8988 -56.8861;
-24.4222 42.3005 -56.8861;
-31.3966 37.417 -56.8861;
-37.417 31.3966 -56.8861;
-42.3005 24.4222 -56.8861;
-45.8988 16.7058 -56.8861;
-48.1024 8.48175 -56.8861;
-4.00637e-13 9.18037 -78.3484;
-3.92421e-13 18.1767 -76.4068;
-3.78912e-13 26.8086 -73.214;
-3.6038e-13 34.903 -68.8341;
-3.37196e-13 42.2977 -63.3548;
-3.09826e-13 48.8445 -56.8861;
9.08693 1.3065 -78.3484;
17.9917 2.58681 -76.4068;
26.5357 3.81526 -73.214;
34.5478 4.96722 -68.8341;
41.8672 6.0196 -63.3548;
8.8085 2.58641 -78.3484;
17.4404 5.12097 -76.4068;
25.7227 7.55286 -73.214;
33.4892 9.83332 -68.8341;
40.5844 11.9167 -63.3548;
8.35076 3.81366 -78.3484;
16.5341 7.55087 -76.4068;
24.386 11.1367 -73.214;
31.7489 14.4992 -68.8341;
38.4754 17.5711 -63.3548;
7.72302 4.96328 -78.3484;
15.2912 9.82706 -76.4068;
22.5528 14.4938 -73.214;
29.3623 18.87 -68.8341;
35.5831 22.8679 -63.3548;
6.93806 6.01186 -78.3484;
13.737 11.9032 -76.4068;
20.2606 17.5559 -73.214;
26.378 22.8566 -68.8341;
31.9665 27.6991 -63.3548;
6.01186 6.93806 -78.3484;
11.9032 13.737 -76.4068;
17.5559 20.2606 -73.214;
22.8566 26.378 -68.8341;
27.6991 31.9665 -63.3548;
4.96328 7.72302 -78.3484;
9.82706 15.2912 -76.4068;
14.4938 22.5528 -73.214;
18.87 29.3623 -68.8341;
22.8679 35.5831 -63.3548;
3.81366 8.35076 -78.3484;
7.55087 16.5341 -76.4068;
11.1367 24.386 -73.214;
14.4992 31.7489 -68.8341;
17.5711 38.4754 -63.3548;
2.58641 8.8085 -78.3484;
5.12097 17.4404 -76.4068;
7.55286 25.7227 -73.214;
9.83332 33.4892 -68.8341;
11.9167 40.5844 -63.3548;
1.3065 9.08693 -78.3484;
2.58681 17.9917 -76.4068;
3.81526 26.5357 -73.214;
4.96722 34.5478 -68.8341;
6.0196 41.8672 -63.3548;
48.1024 8.48175 -56.8861;
45.8988 16.7058 -56.8861;
42.3005 24.4222 -56.8861;
37.417 31.3966 -56.8861;
31.3966 37.417 -56.8861;
24.4222 42.3005 -56.8861;
16.7058 45.8988 -56.8861;
8.48175 48.1024 -56.8861;
9.18037 5.62117e-16 -78.3484;
18.1767 1.11296e-15 -76.4068;
26.8086 1.6415e-15 -73.214;
34.903 2.13712e-15 -68.8341;
42.2977 2.5899e-15 -63.3548;
48.8445 2.99076e-15 -56.8861;
1.3065 -9.08693 -78.3484;
2.58681 -17.9917 -76.4068;
3.81526 -26.5357 -73.214;
4.96722 -34.5478 -68.8341;
6.0196 -41.8672 -63.3548;
2.58641 -8.8085 -78.3484;
5.12097 -17.4404 -76.4068;
7.55286 -25.7227 -73.214;
9.83332 -33.4892 -68.8341;
11.9167 -40.5844 -63.3548;
3.81366 -8.35076 -78.3484;
7.55087 -16.5341 -76.4068;
11.1367 -24.386 -73.214;
14.4992 -31.7489 -68.8341;
17.5711 -38.4754 -63.3548;
4.96328 -7.72302 -78.3484;
9.82706 -15.2912 -76.4068;
14.4938 -22.5528 -73.214;
18.87 -29.3623 -68.8341;
22.8679 -35.5831 -63.3548;
6.01186 -6.93806 -78.3484;
11.9032 -13.737 -76.4068;
17.5559 -20.2606 -73.214;
22.8566 -26.378 -68.8341;
27.6991 -31.9665 -63.3548;
6.93806 -6.01186 -78.3484;
13.737 -11.9032 -76.4068;
20.2606 -17.5559 -73.214;
26.378 -22.8566 -68.8341;
31.9665 -27.6991 -63.3548;
7.72302 -4.96328 -78.3484;
15.2912 -9.82706 -76.4068;
